tot: 79 113 0.6991150442477876
single: 16 22 0.7272727272727273
multiple: 63 91 0.6923076923076923
